Days	Qgas_mmscf	Whp_psig	
0	0	146.699	
1	0.84567	8499.389	
2	2.3659035	8337.408	
3	2.421954	8294.621	
4	2.2977	8209.047	
5	2.680113	8126.528	
6	2.7819	8099.022	
7	2.6943	8071.516	
8	2.71887	8028.729	
9	2.697411	7988.998	
10	2.6754	7976.772	
11	2.6352	7946.21	
12	2.6328	7912.592	
13	2.2732725	7930.929	
14	2.57625	7882.029	
15	1.910376	7842.298	
16	2.643594	7811.736	
17	2.6091	7790.342	
18	2.590005	7762.836	
19	2.42385	7750.611	
20	2.5087965	7732.274	
21	2.49075	7710.88	
22	2.4829095	7686.43	
23	2.472606	7661.98	
24	2.5689	7637.531	
25	2.4545025	7619.193	
26	2.537106	7545.844	
27	2.49495	7524.45	
28	2.6106	7493.888	
29	2.5980315	7466.381	
30	2.5442775	7448.044	
31	2.5698	7420.538	
32	2.524269	7399.144	
33	2.755854	7316.626	
34	2.770677	7289.12	
35	2.7616575	7264.67	
36	2.7525555	7240.22	
37	2.742798	7221.883	
38	2.7318	7200.489	
39	2.7179775	7185.208	
40	2.666043	7166.871	
41	2.507655	7154.646	
42	2.6882595	7133.252	
43	2.6704755	7117.971	
44	2.6644905	7096.577	
45	2.65035	7081.296	
46	2.640258	7066.015	
47	2.7711885	6992.665	
48	2.847033	6968.215	
49	2.83245	6946.821	
50	2.7529695	6928.484	
51	2.7617445	6937.653	
52	2.74446	6913.203	
53	2.505231	6888.753	
54	2.816877	6867.359	
55	2.7904245	6845.966	
56	2.8049295	6830.685	
57	2.620149	6812.347	
58	2.7739785	6800.122	
59	0	6784.841	
60	2.7443565	6766.504	
61	2.728809	6751.223	
62	2.7119175	6735.941	
63	2.71371	6720.66	
64	2.6902815	6702.323	
65	2.699388	6687.042	
66	2.6430735	6668.704	
67	2.6277135	6656.479	
68	2.6775075	6641.198	
69	2.532543	7004.89	
70	2.680968	6610.636	
71	2.6573025	6595.354	
72	2.6554455	6580.073	
73	2.6467395	6564.792	
74	2.63427	6549.511	
75	2.609976	6531.174	
76	2.634978	6503.667	
77	2.4887235	6518.949	
78	2.6166105	6491.442	
79	2.608974	6479.218	
80	2.6020155	6463.937	
81	2.600985	6448.655	
82	2.3795655	6445.599	
83	2.4945045	6433.374	
84	2.5221915	6415.037	
85	2.5477665	6329.462	
86	2.536164	6384.474	
87	2.5345755	6378.362	
88	2.569626	6363.081	
89	2.5000395	6347.799	
90	2.5085805	6332.519	
91	2.5126665	6320.293	
92	2.460189	6305.012	
93	2.43948	6298.9	
94	2.488551	6283.619	
95	2.4844125	6271.394	
96	2.37309	6256.112	
97	2.368386	6253.056	
98	2.4647805	6234.719	
99	2.458137	6222.494	
100	2.4570315	6210.269	
101	2.4498675	6194.988	
102	2.444109	6179.707	
103	2.408793	6170.538	
104	2.466327	6155.257	
105	2.4267915	6143.032	
106	2.416488	6130.807	
107	2.418984	6115.526	
108	2.401368	6106.357	
109	2.3926215	6091.076	
110	2.395878	6078.851	
111	2.39988	6069.682	
112	2.3767005	6060.514	
113	2.371368	6045.232	
114	2.3649285	6036.063	
115	2.359791	6023.839	
116	2.3463825	6011.614	
117	2.284377	5999.389	
118	2.1830895	6002.445	
119	2.313324	5993.276	
120	2.3116485	5984.107	
121	2.3090055	5968.826	
122	2.304453	5962.714	
123	2.298615	5947.433	
124	2.2925595	5932.151	
125	0	5840.464	
126	2.534868	5816.015	
127	2.5353135	5800.733	
128	2.5130415	5785.452	
129	2.507616	5767.115	
130	2.501253	5751.834	
131	2.4921405	5736.553	
132	2.4828765	5721.271	
133	2.473386	5709.046	
134	2.46222	5690.709	
135	2.327424	5687.653	
136	2.458407	5675.428	
137	2.414913	5660.146	
138	0	5644.866	
139	2.327694	5654.034	
140	2.4362595	5626.528	
141	2.2503225	5623.472	
142	2.4225795	5602.078	
143	2.416647	5589.854	
144	2.2547715	5574.572	
145	2.298018	5547.066	
146	2.446242	5540.954	
147	2.4368295	5528.729	
148	2.4288045	5513.447	
149	2.3149575	5501.223	
150	2.404146	5485.941	
151	2.3897475	5473.716	
152	2.4330315	5458.435	
153	2.432679	5446.21	
154	2.3016525	5504.279	
155	2.334381	5427.873	
156	2.375418	5415.648	
157	2.3464035	5400.367	
158	2.343639	5388.142	
159	2.128857	5443.154	
160	2.20452	5375.917	
161	2.313762	5360.636	
162	2.3639835	5345.354	
163	2.315829	5333.129	
164	2.3026215	5320.905	
165	2.313933	5308.68	
166	2.2403475	5299.511	
167	2.2943685	5284.23	
168	2.2579335	5272.005	
169	2.2605525	5262.836	
170	2.2768245	5253.667	
171	2.1077355	5259.78	
172	2.137815	5232.274	
173	2.121303	5232.274	
174	2.228232	5216.993	
175	2.2123305	5198.655	
176	2.2528935	5186.43	
177	2.2128075	5174.206	
178	2.2056255	5165.037	
179	2.179167	5155.868	
180	2.1623625	5143.643	
181	2.1861195	5134.474	
182	2.181807	5122.25	
183	2.179524	5110.024	
184	2.1722865	5100.856	
185	2.148606	5088.631	
186	2.1454305	5082.519	
187	2.15922	5067.237	
188	2.142786	5055.012	
189	2.117067	5048.9	
190	2.0998665	5036.675	
191	2.128329	5021.394	
192	2.1254235	5012.225	
193	2.089347	5003.056	
194	2.1112095	4993.888	
195	2.1121005	4981.663	
196	2.10255	4972.494	
197	1.8395865	5012.225	
198	2.1149895	4960.269	
199	2.092524	4948.044	
200	1.9256685	4951.1	
201	2.089776	4938.875	
202	2.0897925	4923.594	
203	2.0786655	4914.425	
204	2.074032	4899.144	
205	2.0707545	4889.976	
206	2.0597775	4877.75	
207	2.0596155	4865.526	
208	2.0528475	4859.413	
209	2.0489445	4850.245	
210	2.0479155	4841.076	
211	2.038782	4831.907	
212	2.036544	4819.682	
213	2.031861	4813.57	
214	2.027802	4804.401	
215	2.003703	4792.176	
216	2.023179	4783.007	
217	2.0094945	4773.839	
218	1.9930485	4764.67	
219	2.0097375	4749.389	
220	1.9979145	4740.22	
221	1.749849	4767.726	
222	2.0018025	4731.051	
223	1.9903995	4721.883	
224	1.9918215	4712.714	
225	1.9904925	4700.489	
226	1.9963365	4691.32	
227	1.9720125	4679.095	
228	1.9663485	4669.927	
229	1.957734	4657.702	
230	1.938264	4651.589	
231	1.9531275	4636.308	
232	2.0516415	4535.452	
233	2.1315855	4498.777	
234	2.152356	4504.89	
235	2.090787	4501.834	
236	2.0519445	4498.777	
237	1.998108	4501.834	
238	1.98267	4504.89	
239	1.9492245	4501.834	
240	1.9642965	4501.834	
241	1.9584015	4498.777	
242	1.8961725	4498.777	
243	1.873788	4504.26	
244	1.6807425	4580.387	
245	1.877079	4504.125	
246	1.853028	4503.798	
247	1.827924	4502.369	
248	1.8210855	4503.13	
249	1.7985195	4502.277	
250	1.7943285	4500.6	
251	1.775643	4500.018	
252	1.6769625	4499.912	
253	1.541805	4630.317	
254	1.7223	4518.222	
255	1.7429355	4500.248	
256	0	4502.303	
257	1.7333985	4499.768	
258	1.7147085	4500.366	
259	1.6915305	4501.309	
260	1.686504	4500.916	
261	1.6686285	4500.413	
262	1.6554645	4501.353	
263	1.6366935	4500.981	
264	1.6342305	4500.281	
265	1.626762	4501.069	
266	1.606425	4500.33	
267	1.592019	4500.24	
268	1.5809835	4500.256	
269	1.5706155	4500.305	
270	1.4927805	4509.493	
271	1.5448605	4370.114	
272	1.541037	4500.39	
273	1.5251625	4499.626	
274	1.4460975	4500.426	
275	1.427898	4598.124	
276	1.527585	4500.046	
277	1.4849895	4535.452	
278	1.498296	4499.991	
279	1.484322	4499.937	
280	1.48236	4499.822	
281	1.4630835	4499.928	
282	1.461792	4500.08	
283	1.43859	4500.363	
284	1.409469	4512.085	
285	1.431828	4500.041	
286	1.417152	4499.607	
287	1.4034495	4500.258	
288	1.398333	4499.829	
289	1.391118	4500.339	
290	1.377561	4499.532	
291	1.37007	4500.027	
292	1.362312	4501.999	
293	1.3403595	4501.416	
294	1.2983685	4503.419	
295	1.369062	4503.13	
296	1.3200585	4503.361	
297	1.3141155	4501.792	
298	1.3211625	4502.444	
299	1.2973305	4502.181	
300	1.287615	4501.833	
301	1.276965	4501.764	
302	1.277583	4500.814	
303	1.3192305	4501.397	
304	1.273107	4500.66	
305	1.251165	4499.758	
306	1.256646	4500.267	
307	1.254402	4500.447	
308	1.2510975	4499.979	
309	1.2472095	4499.979	
310	1.223958	4499.55	
311	1.215393	4500.632	
312	1.1841825	4500.471	
313	1.1982285	4512.704	
314	1.1940315	4500.533	
315	1.1837535	4500.604	
316	1.180167	4500.305	
317	1.17177	4500.431	
318	1.1560365	4500.85	
319	1.1508165	4501.061	
320	1.1451135	4500.289	
321	1.1189055	4504.179	
322	0.9682305	4546.059	
323	1.053888	4541.748	
324	1.250391	4500.095	
325	1.1466795	4500.814	
326	1.12938	4500.289	
327	1.13271	4499.142	
328	1.0571445	4500.354	
329	0.840231	4425.262	
330	1.0548105	4569.765	
331	1.0382235	4540.249	
332	1.039593	4534.27	
333	0.943197	4572.021	
334	1.0391985	4553.902	
335	1.0316775	4541.29	
336	1.0462995	4536.258	
337	1.0386	4531.847	
338	1.0388145	4528.791	
339	1.0339125	4525.934	
340	1.0455255	4522.548	
341	1.0350105	4518.77	
342	1.032606	4516.929	
343	1.0384755	4512.8	
344	1.0393755	4509.601	
345	1.029672	4506.373	
346	1.0362675	4502.852	
347	1.0300695	4499.562	
348	1.0149555	4500.779	
349	1.009239	4501.955	
350	0.99858	4500.346	
351	0.927735	4500.517	
352	1.008039	4499.707	
353	0.9911475	4500.24	
354	0.9592575	4499.759	
355	0.963999	4499.783	
356	0.954489	4499.667	
357	0.944091	4499.65	
358	0.94317	4500.038	
359	0.9366795	4499.559	
360	0.9290415	4499.928	
361	0.885996	4564.588	
362	0.997932	4503.684	
363	0.974964	4499.422	
364	0.936984	4500.077	
365	0.920823	4501.647	
366	0.910176	4500.305	
367	0.892542	4500.777	
368	0.881613	4500.007	
369	0.8790525	4500.201	
370	0.8749425	4499.635	
371	0.8882775	4500.603	
372	0.874494	4500.217	
373	0.87867	4500.475	
374	0	4499.866	
375	0.9844005	4488.168	
376	1.0303425	4456.695	
377	1.033173	4443.612	
378	1.0278975	4435.266	
379	1.024134	4426.618	
380	1.014483	4416.818	
381	1.0254045	4409.526	
382	1.0261725	4403.812	
383	0.9983235	4398.862	
384	1.01988	4390.848	
385	0.947034	4385.044	
386	0.8100255	4379.505	
387	1.0438905	4373.035	
388	1.0048395	4366.422	
389	1.004364	4361.246	
390	1.0052055	4355.049	
391	1.0023135	4347.672	
392	0.863769	4441.446	
393	1.002423	4378.771	
394	0.9854235	4358.152	
395	0.9878595	4353.372	
396	0.987648	4345.728	
397	0.9681855	4337.904	
398	0.967959	4332.212	
399	0.9681465	4325.065	
400	1.0018005	4317.07	
401	0.9881835	4309.117	
402	0.9742065	4306.656	
403	0.988848	4295.077	
404	0.9596805	4287.591	
405	0.987231	4281.975	
406	0.9702255	4276.904	
407	0.96606	4272.862	
408	0.9678915	4267.82	
409	0.9658575	4263.312	
410	0.953034	4258.471	
411	0.9751365	4253.667	
412	0.9803895	4248.963	
413	0.9679395	4243.812	
414	0.95421	4238.566	
415	0.965601	4233.929	
416	0.9609075	4228.995	
417	0.955722	4224.225	
418	0.9615825	4219.503	
419	0.9584145	4213.698	
420	0.9508335	4209.701	
421	0.9243735	4204.238	
422	0.9459495	4199.025	
423	0.965067	4195.021	
424	0.9457905	4191.058	
425	0.9385785	4187.319	
426	0.9468855	4182.715	
427	0.9605385	4178.733	
428	0.9393225	4174.943	
429	0.934695	4168.854	
430	0.9053205	4165.647	
431	0.919209	4220.78	
432	0.942663	4184.72	
433	0.942831	4173.809	
434	0.8779695	4226.314	
435	0.946242	4178.018	
436	0.9154215	4159.294	
437	0.9320265	4153.926	
438	0.8007165	4145.273	
439	0.7998375	4139.687	
440	0.1297305	3938.741	
441	0	3642.338	
442	0	4373.373	
443	0	4769.663	
444	0	4952.628	
445	0	5021.474	
446	0.764079	4419.376	
447	1.018854	4647.024	
448	0.9379635	4498.669	
449	0	4363.95	
450	0.139761	3540.16	
451	0	1376.849	
452	0	1433.108	
453	0	1550.02	
454	0.526482	3789.944	
455	0.8364705	4351.819	
456	0.800766	4257.771	
457	0.8735625	4315.649	
458	0.912669	4322.164	
459	0.918687	4342.221	
460	0.1756785	4275.637	
461	0.79131	4363.005	
462	0.954651	4477.808	
463	0.94857	4447.33	
464	0.999885	4438.417	
465	0.9476385	4434.86	
466	0.949758	4435.9	
467	0.9712485	4442.114	
468	0.977292	4446.651	
469	0.9886335	4451.915	
470	0.9809325	4458.885	
471	0.9775605	4465.77	
472	0.9952935	4484.092	
473	0.987963	4479.898	
474	0.91176	4524.697	
475	0.9815235	4526.638	
476	0.9795705	4575.147	
477	1.017159	4529.475	
478	1.040835	4531.033	
479	1.021893	4535.713	
480	1.041891	4538.823	
481	1.0265985	4543.464	
482	1.0330245	4548.101	
483	1.05006	4552.261	
484	1.056213	4554.226	
485	1.043412	4558.454	
486	1.0305705	4559.812	
487	0	4561.23	
488	0.978063	4579.549	
489	0.883065	4753.508	
490	1.106826	4604.348	
491	1.073604	4588.223	
492	1.0795335	4583.842	
493	1.076733	4584.415	
494	1.0878585	4584.352	
495	1.088595	4584.216	
496	0.977565	4615.512	
497	1.1304285	4597.64	
498	1.096554	4588.717	
499	1.083117	4583.977	
500	1.083717	4580.345	
501	1.0795185	4579.313	
502	1.092972	4577.906	
503	0.9786405	4634.78	
504	1.094355	4609.507	
505	1.088721	4594.102	
506	1.079139	4587.408	
507	1.0787445	4579.65	
508	1.0781655	4576.1	
509	1.069209	4572.393	
510	1.0812135	4566.94	
511	1.084893	4563.648	
512	1.083	4560.8	
513	1.037712	4558.19	
514	1.072503	4553.789	
515	1.065765	4548.55	
516	1.0693335	4545.25	
517	1.067151	4542.408	
518	1.0662315	4539.351	
519	1.067265	4536.43	
520	1.067028	4533.361	
521	1.0670355	4528.551	
522	1.0818945	4525.435	
523	1.079547	4521.079	
524	1.080267	4516.198	
525	1.078401	4513.424	
526	1.078182	4509.643	
527	1.078683	4520.413	
528	1.0809765	4542.411	
529	1.0771605	4508.833	
530	1.07685	4497.786	
531	1.0823865	4485.321	
532	1.071042	4479.311	
533	1.0666965	4472.954	
534	1.068312	4468.215	
535	1.0664685	4464.834	
536	1.066614	4460.818	
537	1.0637505	4455.645	
538	1.061034	4448.509	
539	1.0378815	4442.542	
540	1.0821525	4439.661	
541	1.0559355	4433.52	
542	1.029627	4425.078	
543	0.996411	4508.819	
544	1.0599495	4456.372	
545	1.06518	4444.292	
546	1.0574835	4437.536	
547	1.0550955	4432.903	
548	1.0504725	4426.124	
549	1.051731	4419.973	
550	1.0510755	4413.668	
551	1.0496715	4408.573	
552	1.0464705	4402.653	
553	1.04526	4396.868	
554	1.0436775	4391.809	
555	1.043571	4385.572	
556	1.0371375	4379.278	
557	1.037799	4374.273	
558	1.0376025	4368.424	
559	1.0362315	4363.711	
560	1.0350435	4362.732	
561	1.039221	4366.453	
562	1.0402905	4368.067	
563	1.035078	4356.275	
564	1.0287585	4344.684	
565	1.0254945	4333.129	
566	1.021227	4325.069	
567	1.0187835	4317.71	
568	1.017093	4310.473	
569	1.0137255	4305.139	
570	1.0128	4300.912	
571	1.028583	4295.693	
572	1.003626	4290.814	
573	1.0118415	4286.072	
574	1.011657	4281.096	
575	1.026462	4277.035	
576	1.0057545	4273.804	
577	1.0105425	4269.254	
578	1.004232	4263.732	
579	0.9840285	4257.455	
580	1.006434	4252.059	
581	1.012545	4247.812	
582	1.0008195	4242.181	
583	0.997698	4237.629	
584	0.998721	4232.011	
585	0.9863175	4226.017	
586	0.996885	4220.562	
587	0.996543	4215.623	
588	0.998448	4208.257	
589	0.983625	4202.721	
590	0.9869865	4196.067	
591	0.9861195	4189.633	
592	0.9831225	4183.746	
593	0.9794805	4177.998	
594	0.98058	4173.2	
595	0.9751425	4167.716	
596	0.97428	4161.44	
597	0.970296	4155.749	
598	0.9698505	4149.93	
599	0.89787	4196.21	
600	0.95811	4173.781	
601	0.9557415	4162.209	
602	0.954912	4154.716	
603	0.951279	4147.565	
604	0.9542865	4138.22	
605	0.950382	4133.879	
606	0.9304005	4124.352	
607	0.9446985	4114.948	
608	0.9487755	4105.785	
609	0.8982165	4119.085	
610	0.8446875	4137.902	
611	0.9313635	4100.84	
612	0.926412	4087.922	
613	0.9248055	4081.164	
614	0.923091	4073.516	
615	0.9207915	4067.526	
616	0.8163195	3819.006	
617	0.918987	4067.804	
618	0.9146055	4044.589	
619	0.912942	4038.972	
620	0.906921	4030.448	
621	0.915252	4021.252	
622	0.919767	4009.937	
623	0.8935995	3999.344	
624	0.848274	4002.317	
625	0.83844	4002.219	
626	0.822471	4000.256	
627	0.811599	4000.11	
628	0.7374765	4000.161	
629	0.7837905	4000.363	
630	0.7739055	4000.073	
631	0.6614985	4005.215	
632	0.7405935	4004.588	
633	0.6848025	4007.965	
634	0.656085	4008.013	
635	0.5768895	3830.48	
636	0.6894375	4040.584	
637	0.6916545	4017.832	
638	0.6896385	4009.33	
639	0.6874755	4001.136	
640	0.6858045	3997.38	
641	0.686043	3991.776	
642	0.3974595	4034.641	
643	0.69642	4088.916	
644	0.7838505	4022.091	
645	0.790647	3979.259	
646	0.787599	3964.085	
647	0.786825	3950.527	
648	0.7779075	3937.279	
649	0.784809	3920.13	
650	0.6936795	3539.197	
651	0.8225925	3908.967	
652	0.821859	3891.053	
653	0.822966	3878.65	
654	0.8015415	3866.395	
655	0.8157855	3855.335	
656	0.595545	3881.103	
657	0.567045	3705.36	
658	0.7044405	3937.85	
659	0.8071935	3873.835	
660	0.822405	3850.058	
661	0.8130825	3840.519	
662	0.818682	3827.354	
663	0.8041185	3815.186	
664	0.7973715	3807.504	
665	0.788001	3800.447	
666	0.7380735	3799.787	
667	0.7368075	3800.051	
668	0.7092675	3799.905	
669	0.7026345	3799.642	
670	0.5950815	3806.07	
671	0.6018675	3823.387	
672	0.615492	3827.024	
673	0.662232	3822.37	
674	0.6881655	3811.167	
675	0.689211	3805.215	
676	0.6768195	3801.711	
677	0.6593505	3800.365	
678	0.583317	3697.225	
679	0.6627645	3806.879	
680	0.704778	3794.867	
681	0.680319	3790.442	
682	0.695091	3786.674	
683	0.692037	3782.714	
684	0.690018	3780.473	
685	0.6635295	3775.618	
686	0.705072	3771.313	
687	0.696042	3765.697	
688	0.6779865	3760.07	
689	0.6703905	3755.831	
690	0.6658995	3750.721	
691	0.4420545	3741.812	
692	0.490164	3612.015	
693	0.6332865	3795.39	
694	0.6112035	3771.55	
695	0.606804	3764.995	
696	0.6075705	3762.999	
697	0.4968525	3763.603	
698	0.6659565	3807.708	
699	0.6583455	3776.845	
700	0.664926	3762.574	
701	0.6641415	3759.133	
702	0.6593145	3751.962	
703	0.6485955	3750.037	
704	0.6092625	3746.128	
705	0.653199	3741.39	
706	0.664938	3731.662	
707	0.660411	3725.126	
708	0.6566355	3718.989	
709	0.655248	3713.598	
710	0.6541095	3708.782	
711	0.436437	3716.577	
712	0.575607	3625.748	
713	0.629385	3675.989	
714	0.610029	3613.172	
715	0.6705615	3703.314	
716	0.6615915	3694.775	
717	0.664782	3689.963	
718	0.6694905	3684.545	
719	0.6591315	3680.399	
720	0.6641295	3675.122	
721	0.441966	3629.297	
722	0.590868	3498.587	
723	0.6166815	3661.114	
724	0.662556	3675.794	
725	0.5530815	3661.069	
726	0.485925	3669.74	
727	0.450237	3784.285	
728	0.631371	3731.884	
729	0.6300255	3682.408	
730	0.7005285	3673.594	
731	0.6398175	3665.895	
732	0.59229	3674.64	
733	0.6754485	3650.338	
734	0.719919	3636.771	
735	0.6969465	3624.6	
736	0.6818655	3617.053	
737	0.6332205	3612.754	
738	0.6103725	3614.731	
739	0.661641	3611.983	
740	0.6834	3602.118	
741	0.7010925	3602.118	
742	0.6985755	3578.806	
743	0.7226745	3570.511	
744	0.7225005	3558.127	
745	0.733254	3544.714	
746	0.775365	3534.849	
747	0.762288	3522.434	
748	0.746826	3511.013	
749	0.745428	3499.075	
750	0.745638	3490.964	
751	0.776814	3482.579	
752	0.742917	3473.92	
753	0.72978	3464.963	
754	0.7031325	3475.021	
755	0.7446675	3457.183	
756	0.7416555	3446.753	
757	0.7400505	3440.328	
758	0.7400115	3433.613	
759	0.742929	3423.578	
760	0.7594485	3384.779	
761	0.732966	3411.998	
762	0.732996	3408.175	
763	0.7302195	3402.689	
764	0.7297395	3396.151	
765	0.729612	3390.953	
766	0.728883	3385.624	
767	0.7273935	3378.667	
768	0.6177195	3380.95	
769	0.717981	3403.003	
770	0.7146285	3386.421	
771	0.7139655	3379.217	
772	0.7136385	3372.877	
773	0.7116795	3365.773	
774	0.794133	3357.412	
775	0.760038	3358.433	
776	0.887499	3318.962	
777	0.883827	3259.057	
778	0.925386	3237.459	
779	0.8305875	3214.932	
780	0.941652	3201.562	
781	0.881049	3184.823	
782	0.875649	3171.909	
783	0.862065	3163.932	
784	0.85698	3156.29	
785	0.8704275	3140.707	
786	0.872856	3127.938	
787	0.861732	3116.754	
788	0.855591	3110.228	
789	0.846801	3102.807	
790	0.8485785	3093.772	
791	0.845208	3084.785	
792	0.849756	3071.312	
793	0.708882	3132.701	
794	0.7587945	3140.142	
795	0.6841695	3038.508	
796	0.847728	3086.491	
797	0.82392	3063.186	
798	0.810924	3054.502	
799	0.5308605	3131.159	
800	0.547497	2955.671	
801	0.8683425	3104.509	
802	0.626115	3055.61	
803	0.6733635	3110.33	
804	0.822402	3117.706	
805	0.8641575	3052.511	
806	0.860982	3028.109	
807	0.862725	3009.347	
808	0.8647905	2993.751	
809	0.835914	2980.461	
810	0.876852	2971.768	
811	0.8697015	2954.535	
812	0.8788245	2935.878	
813	0.7348875	2928.729	
814	0.8646765	2970.725	
815	0.8421555	2938.914	
816	0.8599395	2921.281	
817	0.848562	2912.365	
818	0.8563425	2890.424	
819	0.891456	2895.721	
820	0.8854695	2859.476	
821	0.9037155	2839.499	
822	0.890076	2825.424	
823	0.8779515	2820.094	
824	0.8273025	2819.559	
825	0.896223	2822.507	
826	0.8453565	2799.85	
827	0.866313	2797.307	
828	0.889827	2783.847	
829	0.867864	2769.871	
830	0.866442	2762.59	
831	0.803244	2756.35	
832	0.8844015	2785.132	
833	0.867597	2744.39	
834	0.857706	2737.004	
835	0.8529315	2730.416	
836	0.8595645	2723.595	
837	0.8733825	2711.06	
838	0.7785765	2694.347	
839	0.857622	2641.851	
840	0.8447805	2700.389	
841	0.830301	2704.003	
842	0.829716	2699.893	
843	0.8440395	2689.788	
844	0.8360475	2681.644	
845	0.855204	2674.398	
846	0.8679285	2659.125	
847	0.887304	2635.443	
848	0.8809425	2618.647	
849	0.8500845	2611.826	
850	0.8400225	2620.944	
851	0.8685705	2610.857	
852	0.738951	2681.935	
853	0.870822	2617.981	
854	0.878571	2588.546	
855	0.865857	2589.086	
856	0.866298	2572.33	
857	0.874164	2561.745	
858	0.887427	2539.453	
859	0.846756	2526.261	
860	0.8274465	2567.904	
861	0.8494485	2520.296	
862	0.828123	2523.074	
863	0.860532	2518.859	
864	0.848163	2501.453	
865	0.833151	2509.014	
866	0.8162175	2512.72	
867	0.8083095	2516.83	
868	0.862413	2489.737	
869	0.831366	2484.37	
870	0.8262135	2483.326	
871	0.8346375	2476.169	
872	0.8429685	2466.672	
873	0.853833	2458.571	
874	0.8398905	2448.006	
875	0.846147	2435.479	
876	0.846492	2429.136	
877	0.796053	2421.469	
878	0.805899	2438.229	
879	0.8294955	2419.308	
880	0.8152185	2422.271	
881	0.8547915	2395.701	
882	0.849369	2385.481	
883	0.84105	2377.071	
884	0.815499	2376.504	
885	0.8423685	2377.704	
886	0.800439	2380.767	
887	0.8065065	2378.599	
888	0.831975	2361.613	
889	0.8260365	2349.813	
890	0.7918815	2361.317	
891	0.8222805	2350.442	
892	0.8226	2340.332	
893	0.8143155	2334.218	
894	0.824289	2323.542	
895	0.800454	2328.501	
896	0.8174055	2315.959	
897	0.809628	2315.24	
898	0.8466045	2290.009	
899	0.8453175	2273.916	
900	0.8225115	2273.642	
901	0.816249	2273.321	
902	0.8084115	2270.907	
903	0.755781	2267.458	
904	0.770247	2150.078	
905	0.8058705	2275.816	
906	0.837996	2250.179	
907	0.873789	2207.99	
908	0.889503	2184.354	
909	0.891582	2162.557	
910	0.8898585	2144.588	
911	0.889965	2129.131	
912	0.891585	2112.469	
913	0.885831	2101.656	
914	0.8854395	2093.004	
915	0.8818005	2081.763	
916	0.8843415	2071.319	
917	0.882888	2060.675	
918	0.8788395	2054.125	
919	0.87528	2046.742	
920	0.875232	2038.908	
921	0.876042	2033.022	
922	0.8721165	2026.057	
923	0.876852	2021.542	
924	0.8837385	2002.368	
925	0.850587	2015.826	
926	0.87357	2002.368	
927	0.867306	1991.97	
928	0.8715885	1983.754	
929	0.866655	1975.782	
930	0.87117	1965.304	
931	0.86901	1959.201	
932	0.8660265	1948.953	
933	0.8666505	1942.511	
934	0.863565	1938.926	
935	0.8628765	1934.214	
936	0.868668	1925.569	
937	0.86178	1919.111	
938	0.86619	1910.185	
939	0.868329	1898.503	
940	0.76863	1892.352	
941	0.779943	1802.171	
942	0.856887	1920.861	
943	0.862692	1901.43	
944	0.8564925	1891.618	
945	0.8581065	1879.839	
946	0.8679945	1865.937	
947	0.8653785	1857.571	
948	0.861174	1846.402	
949	0.8678535	1834.42	
950	0.8689875	1821.952	
951	0.867237	1815.524	
952	0.8623695	1804.845	
953	0.870489	1793.937	
954	0.8630685	1782.14	
955	0.8665755	1776.317	
956	0.8635845	1767.056	
957	0.868821	1753.461	
958	0.86142	1748.885	
959	0.8626995	1738.713	
960	0.864294	1728.3	
961	0.8670045	1717.23	
962	0.8640675	1710.239	
963	0.8655045	1701.078	
964	0.865413	1690.201	
965	0.8577945	1679.773	
966	0.8647725	1669.005	
967	0.8635335	1659.535	
968	0.8652195	1650.329	
969	0.86265	1639.079	
970	0.864744	1628.155	
971	0.8665605	1619.702	
972	0.8661495	1609.413	
973	0.8642385	1596.361	
974	0.905496	1594.311	
975	0.8571105	1578.47	
976	0.8489835	1565.822	
977	0.859014	1555.997	
978	0.870894	1542.617	
979	0.8542065	1533.014	
980	0.8693325	1520.816	
981	0.8696745	1511.771	
982	0.86862	1502.12	
983	0.8678055	1489.706	
984	0.8658465	1475.579	
985	0.8682375	1466.956	
986	0.8725845	1453.307	
987	0.866892	1441.014	
988	0.8715225	1430.997	
989	0.8762145	1419.366	
990	0.8843715	1408.306	
991	0.8739195	1395.454	
992	0.8754165	1385.106	
993	0.8785035	1373.704	
994	0.878892	1359.496	
995	0.884724	1346.648	
996	0.8774025	1335.015	
997	0.8816865	1320.33	
998	0.8831265	1307.144	
999	0.8737185	1297.692	
1000	0.877422	1285.957	
1001	0.8904795	1271.638	
1002	0.873594	1263.298	
1003	0.8744595	1257.695	
1004	0.868701	1260.406	
1005	0.8589915	1247.391	
1006	0.864069	1242.572	
1007	0.8839185	1212.04	
1008	0.85548	1219.475	
1009	0.8532945	1216.786	
1010	0.845889	1207.783	
1011	0.845235	1208.702	
1012	0.834681	1208.146	
1013	0.823896	1220.404	
1014	0.8017995	1234.355	
1015	0.842313	1223.634	
1016	0.862326	1170.122	
1017	0.8526225	1147.758	
1018	0.848934	1150.93	
1019	0.828168	1145.069	
1020	0.8254875	1150.072	
1021	0.820089	1146.653	
1022	0.8064585	1159.972	
1023	0.807396	1145.069	
1024	0.801951	1156.549	
1025	0.7898775	1154.051	
1026	0.7764885	1179.347	
1027	0.7935855	1148.974	
1028	0.768702	1150.933	
1029	0.797817	1151.787	
1030	0.771105	1155.571	
1031	0.760926	1168.943	
1032	0.7796655	1155.59	
1033	0.780609	1134.225	
1034	0.7688655	1131.811	
1035	0.744276	1152.154	
1036	0.7496865	1160.628	
1037	0.755184	1146.18	
1038	0.7616775	1137.301	
1039	0.7454145	1142.279	
1040	0.7345485	1145.103	
1041	0.700509	1170.537	
1042	0.710832	1175.454	
1043	0.717831	1247.283	
1044	0.6251115	1297.191	
1045	0.7081035	1228.136	
1046	0.6564525	1217.288	
1047	0.704283	1278.431	
1048	0.666675	1238.429	
1049	0.690609	1265.15	
1050	0.6966135	1218.877	
1051	0.6935565	1219.634	
1052	0.687093	1216.437	
1053	0.698262	1221.153	
1054	0.6721455	1227.237	
1055	0.6758325	1222.843	
1056	0.664611	1226.605	
1057	0.6209925	1221.845	
1058	0.594585	1477.542	
1059	0.7223835	1235.185	
1060	0.692634	1212.808	
1061	0.657177	1226.367	
1062	0.701034	1203.553	
1063	0.6947745	1195.751	
1064	0.668496	1192.142	
1065	0.6582705	1214.742	
1066	0.6493785	1224.928	
1067	0.619767	1236.099	
1068	0.67617	1232.635	
1069	0.658491	1217.984	
1070	0.6372165	1205.466	
1071	0.679848	1208.691	
1072	0.655644	1201.269	
1073	0.6271905	1219.874	
1074	0.6321	1230.578	
1075	0.6416055	1227.499	
1076	0.653025	1220.5	
1077	0.626256	1209.063	
1078	0.620952	1236.634	
1079	0.6396825	1234.427	
1080	0.656913	1205.789	
1081	0.6105855	1207.212	
1082	0.5702115	1357.174	
1083	0.689139	1225.636	
1084	0.6623625	1204.623	
1085	0.642738	1200.401	
1086	0.620919	1217.227	
1087	0.6216045	1223.727	
1088	0.604083	1220.848	
1089	0.6194145	1233.9	
1090	0.609411	1224.139	
1091	0.627573	1205.216	
1092	0.609651	1207.11	
1093	0.621258	1220.201	
1094	0.6098895	1209.494	
1095	0.6212565	1210.602	
1096	0.6166095	1206.163	
1097	0.6317115	1196.324	
1098	0.5972055	1196.614	
1099	0.6149715	1222.964	
1100	0.6165735	1203.122	
1101	0.5885055	1203.874	
1102	0.5977755	1231.366	
1103	0.574041	1231.613	
1104	0.595872	1234.145	
1105	0.572187	1244.078	
1106	0.601314	1230.2	
1107	0.6615285	1230.856	
1108	0.61716	1240.62	
1109	0.534663	1234.123	
1110	0.570549	1343.673	
1111	0.5995245	1284.916	
1112	0.606429	1220.719	
1113	0.6133725	1199.062	
1114	0.6076095	1214.273	
1115	0.6303945	1182.394	
1116	0.5772105	1207.762	
1117	0.5706885	1225.78	
1118	0.6132255	1219.939	
1119	0.6379785	1144.962	
1120	0.630165	1141.872	
1121	0.713127	1128.579	
1122	0.57456	1156.31	
1123	0.5970555	1171.03	
1124	0.571224	1163.784	
1125	0.608952	1140.767	
1126	0.591	1140.754	
1127	0.5715915	1134.692	
1128	0.5857425	1182.427	
1129	0.566604	1159.257	
1130	0.5735685	1166.48	
1131	0.5800185	1148.909	
1132	0.57171	1142.216	
1133	0.5976735	1147.397	
1134	0.5236695	1170.437	
1135	0.593397	1197.938	
1136	0.522186	1209.996	
1137	0.5432025	1188.319	
1138	0.5183955	1297.483	
1139	0.585072	1205.529	
1140	0.592176	1187.525	
1141	0.569733	1170.801	
1142	0.5615265	1174.681	
1143	0.5583075	1183.951	
1144	0.5490435	1185.011	
1145	0.5707215	1180.725	
1146	0.538458	1181.336	
1147	0.550878	1185.158	
1148	0.5514885	1170.67	
1149	0.557229	1170.324	
1150	0.5084085	1181.234	
1151	0.52389	1202.44	
1152	0.53964	1202.872	
1153	0.508494	1186.837	
1154	0.496977	1189.864	
1155	0.561915	1190.524	
1156	0.5282595	1192.483	
1157	0.500277	1190.615	
1158	0.5545785	1195.392	
1159	0.5315535	1186.705	
1160	0.5159415	1180.39	
1161	0.5224995	1174.777	
1162	0.5342295	1175.032	
1163	0.516705	1170.537	
1164	0.520386	1181.21	
1165	0.4925805	1180.665	
1166	0.5260485	1302.672	
1167	0.5406885	1204.963	
1168	0.5389455	1183.134	
1169	0.540513	1184.066	
1170	0.5469345	1177.298	
1171	0.544971	1161.134	
1172	0.536097	1164.647	
1173	0.5386725	1151.763	
1174	0.5180595	1162.934	
1175	0.520617	1162.747	
1176	0.5008725	1160.698	
1177	0.502221	1160.605	
1178	0.510447	1160.783	
1179	0.4962675	1167.554	
1180	0.501504	1160.327	
1181	0.518547	1160.331	
1182	0.4812375	1165.361	
1183	0.485157	1169.65	
1184	0.478707	1173.493	
1185	0.436713	1195.751	
1186	0.5169315	1193.342	
1187	0.4945635	1175.205	
1188	0.4892925	1172.706	
1189	0.4975035	1170.487	
1190	0.485472	1165.15	
1191	0.4867695	1169.426	
1192	0.4789635	1167.052	
1193	0.485382	1163.121	
1194	0.46269	1160.386	
1195	0.502899	1260.676	
1196	0.4954755	1176.062	
1197	0.496278	1176.022	
1198	0.4854675	1182.102	
1199	0.5152425	1175.313	
1200	0.463779	1177.139	
1201	0.4587255	1184.578	
1202	0.459282	1196.932	
1203	0.4373625	1197.738	
1204	0.452931	1193.666	
1205	0.4360605	1203.477	
1206	0.4387755	1220.241	
1207	0.444441	1209.657	
1208	0.483693	1183.551	
1209	0.4547055	1181.79	
1210	0.438264	1198.575	
1211	0.4333155	1193.301	
1212	0.4301085	1197.853	
1213	0.455046	1209.19	
1214	0.4383975	1210.8	
1215	0.4622145	1191.549	
1216	0.433068	1192.854	
1217	0.4440255	1202.797	
1218	0.4503855	1203.745	
1219	0.462552	1194.662	
1220	0.4561515	1180.789	
1221	0.4441665	1183.074	
1222	0.458061	1214.246	
1223	0.435717	1189.576	
1224	0.412488	1199.544	
1225	0.4019865	1201.673	
1226	0.444555	1259.867	
1227	0.4357155	1235.373	
1228	0.463365	1234.045	
1229	0.447837	1230.745	
1230	0.468474	1215.229	
1231	0.438756	1216.213	
1232	0.441054	1233.261	
1233	0.4258185	1224.949	
1234	0.4458855	1218.846	
1235	0.434475	1226.24	
1236	0.4634985	1214.303	
1237	0.415011	1206.037	
1238	0.4041915	1233.486	
1239	0.4386285	1207.937	
1240	0.4374435	1222.327	
1241	0.4282815	1193.459	
1242	0.4214355	1198.575	
1243	0.4332135	1199.962	
1244	0.4116735	1208.89	
1245	0.4240755	1198.535	
1246	0.406251	1212.133	
1247	0.41475	1210.982	
1248	0.4091415	1206.703	
1249	0.4217595	1216.496	
1250	0.41943	1212	
1251	0.410979	1230.521	
1252	0.421902	1218.463	
1253	0.3973125	1220.679	
1254	0.375741	1303.745	
1255	0.3970605	1275.213	
1256	0.425202	1270.903	
1257	0.4163475	1262.569	
1258	0.4090635	1262.224	
1259	0.4070865	1257.703	
1260	0.4127595	1266.064	
1261	0.3951315	1270.446	
1262	0.4101645	1269.092	
1263	0.433269	1289.354	
1264	0.359451	1256.74	
1265	0.4442325	1263.179	
1266	0.397188	1255.975	
1267	0.4841175	1219.867	
1268	0.4293135	1193.374	
1269	0.4119465	1214.523	
1270	0.433689	1208.146	
1271	0.4190505	1190.159	
1272	0.3826215	1177.139	
1273	0.0496215	1221.893	
1274	0.2967765	1529.413	
1275	0.466758	1411.579	
1276	0.4654545	1321.525	
1277	0.4555365	1259.078	
1278	0.484476	1219.607	
1279	0.454785	1194.44	
1280	0.406254	1230.62	
1281	0.452868	1192.519	
1282	0.4561455	1170.676	
1283	0.455196	1163.333	
1284	0.4449855	1163.521	
1285	0.424095	1162.834	
1286	0.4473315	1161.971	
1287	0.393876	1164.65	
1288	0.3187455	1208.129	
1289	0.0394515	1272.481	
1290	0.2888625	1480.412	
1291	0.4650105	1361.395	
1292	0.392343	1348.534	
1293	0.3933945	1370.259	
1294	0.4615575	1295.927	
1295	0.4576215	1246.399	
1296	0.439824	1223.016	
1297	0.438894	1216.3	
1298	0.454683	1191.972	
1299	0.439701	1193.276	
1300	0.3885885	1192.302	
1301	0.4126185	1201.783	
1302	0.3907635	1199.495	
1303	0.4540575	1182.942	
1304	0.3928725	1168.334	
1305	0.3999825	1163.166	
1306	0.401313	1173.843	
1307	0.3582885	1174.342	
1308	0.372753	1198.243	
1309	0.4209855	1216.51	
1310	0.3507975	1202.021	
1311	0.4130415	1214.198	
1312	0.3811605	1191.716	
1313	0.4022445	1177.491	
1314	0.2314155	1181.907	
1315	0.273237	1360.887	
1316	0.384522	1281.374	
1317	0.3853815	1241.208	
1318	0.3826245	1224.705	
1319	0.385989	1213.247	
1320	0.3917985	1208.057	
1321	0.390879	1201.824	
1322	0.378411	1195.875	
1323	0.37728	1195.732	
1324	0.405489	1193.694	
1325	0.369825	1188.796	
1326	0.405873	1187.885	
1327	0.3610575	1187.2	
1328	0.4139715	1185.641	
1329	0.3946305	1180.738	
1330	0.359175	1177.213	
1331	0.406032	1176.03	
1332	0.379005	1174.473	
1333	0.3873315	1171.961	
1334	0.3846735	1170.803	
1335	0.393573	1170.368	
1336	0.288066	1166.306	
1337	0.2797155	1250.661	
1338	0.3038385	1245.17	
1339	0.319011	1242.712	
1340	0.3320775	1251.141	
1341	0.291129	1254.323	
1342	0.330879	1259.57	
1343	0.314112	1263.668	
1344	0.2715945	1336.126	
1345	0.292947	1348.358	
1346	0.3311955	1294.812	
1347	0.3192135	1288.222	
1348	0.3184095	1278.299	
1349	0.269691	1610.959	
1350	0.3192315	1538.996	
1351	0.318954	1308.973	
1352	0.3311445	1298.667	
1353	0.312027	1293.551	
1354	0.340878	1291.964	
1355	0.310458	1288.391	
1356	0.3464805	1288.571	
1357	0.3258885	1289.005	
1358	0.3107325	1287.111	
1359	0.3558825	1281.698	
1360	0.321318	1291.977	
1361	0.317133	1288.299	
1362	0.3090045	1288.302	
1363	0.3410295	1286.755	
1364	0.294552	1286.292	
1365	0.363774	1288.056	
1366	0.298728	1285.337	
1367	0.3559935	1286.046	
1368	0.326775	1283.487	
1369	0.312945	1284.74	
1370	0.3445155	1284.857	
1371	0.32289	1281.818	
1372	0.2987295	1283.088	
1373	0.3797925	1281.92	
1374	0.309564	1283.194	
1375	0.3493455	1280.725	
1376	0.312216	1279.034	
1377	0.3250635	1278.652	
1378	0.3488415	1278.328	
1379	0.3428685	1279.543	
1380	0.2968155	1277.544	
1381	0.330753	1276.283	
1382	0.332514	1277.466	
1383	0.3197985	1275.38	
1384	0.3677895	1272.996	
1385	0.3087525	1272.13	
1386	0.3300015	1271.524	
1387	0.328317	1268.381	
1388	0.339564	1269.262	
1389	0.332688	1266.14	
1390	0.3175335	1263.4	
1391	0.2916945	1269.016	
1392	0.296652	1266.993	
1393	0.317595	1284.155	
1394	0.292353	1278.638	
1395	0.397932	1277.775	
1396	0.279231	1274.237	
1397	0.358497	1273.813	
1398	0.247605	1272.921	
1399	0.1913925	1263.528	
1400	0.26754	1386.411	
1401	0.311949	1344.18	
1402	0.310314	1323.271	
1403	0.287619	1311.124	
1404	0.275451	1301.832	
1405	0.310743	1296.888	
1406	0.3205545	1292.698	
1407	0.3170175	1288.461	
1408	0.278763	1287.278	
1409	0.3682185	1284.238	
1410	0.276699	1283.367	
1411	0.3703635	1280.419	
1412	0.272253	1279.347	
1413	0.3133365	1277.797	
1414	0.36387	1275.453	
1415	0.300624	1275.585	
1416	0.301872	1274.449	
1417	0.3615585	1271.042	
1418	0.2949825	1268.648	
1419	0.333324	1266.632	
1420	0.2784375	1267.508	
1421	0.341403	1265.415	
1422	0.3034185	1265.158	
1423	0.3738195	1261.613	
1424	0.275247	1260.632	
1425	0.3367305	1261.308	
1426	0.307086	1254.795	
1427	0.3249825	1254.27	
1428	0.3246825	1253.623	
1429	0.2743755	1251.959	
1430	0.3471705	1251.632	
1431	0.357882	1249.468	
1432	0.2222745	1313.382	
